1.000000000000000000e+00 0.000000000000000000e+00 0.000000000000000000e+00 0.000000000000000000e+00 0.000000000000000000e+00 1.000000000000000000e+00 0.000000000000000000e+00 0.000000000000000000e+00 0.000000000000000000e+00 0.000000000000000000e+00 1.000000000000000000e+00 0.000000000000000000e+00
9.999853968620300293e-01 0.000000000000000000e+00 5.405973643064498901e-03 0.000000000000000000e+00 -2.477549242030363530e-05 9.999895095825195312e-01 4.582917317748069763e-03 0.000000000000000000e+00 -5.405916832387447357e-03 -4.582984372973442078e-03 9.999749064445495605e-01 -2.624999964609742165e-03
9.997726082801818848e-01 -1.999545247599598952e-06 2.132538333535194397e-02 9.999999974752427079e-07 -3.843311569653451443e-04 9.998359084129333496e-01 1.811188831925392151e-02 0.000000000000000000e+00 -2.132191881537437439e-02 -1.811596564948558807e-02 9.996085762977600098e-01 -1.055900007486343384e-02
9.988809227943420410e-01 -3.995523456978844479e-06 4.729634895920753479e-02 9.999999974752427079e-07 -1.900490489788353443e-03 9.991889595985412598e-01 4.022204875946044922e-02 0.000000000000000000e+00 -4.725814983248710632e-02 -4.026691988110542297e-02 9.980707764625549316e-01 -2.380399964749813080e-02
9.965640306472778320e-01 -6.975948508625151590e-06 8.282600343227386475e-02 9.999999974752427079e-07 -5.847656633704900742e-03 9.974986910820007324e-01 7.044313102960586548e-02 0.000000000000000000e+00 -8.261931687593460083e-02 -7.068542391061782837e-02 9.940712451934814453e-01 -4.241900146007537842e-02
9.918574094772338867e-01 -9.918573596223723143e-06 1.273532062768936157e-01 0.000000000000000000e+00 -1.386852096766233444e-02 9.940444827079772949e-01 1.080887913703918457e-01 0.000000000000000000e+00 -1.265958249568939209e-01 -1.089748740196228027e-01 9.859502911567687988e-01 -6.640599668025970459e-02
9.836274385452270508e-01 -1.377078388031804934e-05 1.802140027284622192e-01 -3.999999989900970832e-06 -2.786121889948844910e-02 9.879654049873352051e-01 1.521450281143188477e-01 -7.999999979801941663e-06 -1.780472844839096069e-01 -1.546750068664550781e-01 9.717894792556762695e-01 -9.582500159740447998e-02
9.706240892410278320e-01 -1.844185680965892971e-05 2.406010031700134277e-01 -1.100000008591450751e-05 -4.984147474169731140e-02 9.782929420471191406e-01 2.011437118053436279e-01 -7.999999979801941663e-06 -2.353819608688354492e-01 -2.072268575429916382e-01 9.495537877082824707e-01 -1.307370066642761230e-01
9.515387415885925293e-01 -2.283692992932628840e-05 3.075289130210876465e-01 -2.300000051036477089e-05 -8.176735788583755493e-02 9.639859199523925781e-01 2.530715763568878174e-01 -7.999999979801941663e-06 -2.964593172073364258e-01 -2.659532129764556885e-01 9.172680974006652832e-01 -1.711120009422302246e-01
9.250656366348266602e-01 -2.775196844595484436e-05 3.798073232173919678e-01 -4.300000000512227416e-05 -1.253233104944229126e-01 9.439706802368164062e-01 3.053086996078491211e-01 -7.999999979801941663e-06 -3.585354387760162354e-01 -3.300292789936065674e-01 8.732313513755798340e-01 -2.170410007238388062e-01
8.899704217910766602e-01 -3.292890687589533627e-05 4.560182094573974609e-01 -7.500000356230884790e-05 -1.816802024841308594e-01 9.171837568283081055e-01 3.546354174613952637e-01 -7.999999979801941663e-06 -4.182641804218292236e-01 -3.984645307064056396e-01 8.162603974342346191e-01 -2.685549855232238770e-01
8.451599478721618652e-01 -3.718703737831674516e-05 5.345134735107421875e-01 -1.199999969685450196e-04 -2.512411177158355713e-01 8.826190829277038574e-01 3.973178267478942871e-01 -7.999999979801941663e-06 -4.717865884304046631e-01 -4.700888693332672119e-01 7.459449768066406250e-01 -3.256840109825134277e-01
7.897542715072631836e-01 -4.027746763313189149e-05 6.134232878684997559e-01 -1.840000040829181671e-04 -3.334000706672668457e-01 8.393762111663818359e-01 4.292923510074615479e-01 -7.999999979801941663e-06 -5.149102210998535156e-01 -5.435508489608764648e-01 6.628875136375427246e-01 -3.884280025959014893e-01
7.231556773185729980e-01 -4.266618634574115276e-05 6.906850934028625488e-01 -2.720000047702342272e-04 -4.263476431369781494e-01 7.867141962051391602e-01 4.464397430419921875e-01 -7.999999979801941663e-06 -5.433908104896545410e-01 -6.173173785209655762e-01 5.688986182212829590e-01 -4.568789899349212646e-01
6.451092958450317383e-01 -4.386743239592760801e-05 7.640902996063232422e-01 -3.900000010617077351e-04 -5.269684195518493652e-01 7.241004705429077148e-01 4.449526071548461914e-01 -7.999999979801941663e-06 -5.532976984977722168e-01 -6.896945238113403320e-01 4.671008288860321045e-01 -5.310360193252563477e-01
5.557587146759033203e-01 -4.223766154609620571e-05 8.313436508178710938e-01 -5.440000095404684544e-04 -6.308570504188537598e-01 6.512553095817565918e-01 4.217651784420013428e-01 -7.999999979801941663e-06 -5.414348244667053223e-01 -7.588586807250976562e-01 3.619141876697540283e-01 -6.109619736671447754e-01
4.556775987148284912e-01 -3.873259629472158849e-05 8.901448845863342285e-01 -7.399999885819852352e-04 -7.324806451797485352e-01 5.682018399238586426e-01 3.749917745590209961e-01 -7.999999979801941663e-06 -5.057964920997619629e-01 -8.228892683982849121e-01 2.588884532451629639e-01 -6.966860294342041016e-01
3.458911180496215820e-01 -3.285965794930234551e-05 9.382746815681457520e-01 -9.830000344663858414e-04 -8.255156874656677246e-01 4.752907752990722656e-01 3.043396174907684326e-01 -7.999999979801941663e-06 -4.459632933139801025e-01 -8.798287510871887207e-01 1.643717288970947266e-01 -7.872009873390197754e-01
2.278678119182586670e-01 -2.369825233472511172e-05 9.736920595169067383e-01 -1.290000043809413910e-03 -9.033305048942565918e-01 3.732285201549530029e-01 2.114105671644210815e-01 -1.499999962106812745e-05 -3.634146749973297119e-01 -9.277394413948059082e-01 8.502536267042160034e-02 -8.843380212783813477e-01
1.034926623106002808e-01 -1.179816354124341160e-05 9.946302175521850586e-01 -1.667000004090368748e-03 -9.595916271209716797e-01 2.630853056907653809e-01 9.984996914863586426e-02 -1.499999962106812745e-05 -2.616737782955169678e-01 -9.647725820541381836e-01 2.721607685089111328e-02 -9.873960018157958984e-01
-2.498907409608364105e-02 3.098645038335234858e-06 9.996877312660217285e-01 -2.125000115483999252e-03 -9.889336228370666504e-01 1.462844908237457275e-01 -2.472070790827274323e-02 -1.499999962106812745e-05 -1.462388783693313599e-01 -9.892425537109375000e-01 -3.652449464425444603e-03 -1.096312999725341797e+00
-1.550465971231460571e-01 2.077624412777367979e-05 9.879071712493896484e-01 -2.675000112503767014e-03 -9.876084923744201660e-01 2.458623982965946198e-02 -1.550002396106719971e-01 -1.499999962106812745e-05 -2.429214306175708771e-02 -9.996977448463439941e-01 -3.791494062170386314e-03 -1.211181998252868652e+00
-2.839619219303131104e-01 4.089051799383014441e-05 9.588355422019958496e-01 -3.330999985337257385e-03 -9.540343284606933594e-01 -9.996037185192108154e-02 -2.825357615947723389e-01 -1.499999962106812745e-05 9.583400934934616089e-02 -9.949914216995239258e-01 2.842395007610321045e-02 -1.332000970840454102e+00
-4.089386165142059326e-01 6.338548701023682952e-05 9.125618934631347656e-01 -4.106999840587377548e-03 -8.891537189483642578e-01 -2.250703424215316772e-01 -3.984332680702209473e-01 -1.499999962106812745e-05 2.053653597831726074e-01 -9.743425250053405762e-01 9.209631383419036865e-02 -1.458832025527954102e+00
-5.272235274314880371e-01 8.699188765604048967e-05 8.497266769409179688e-01 -5.014999769628047943e-03 -7.965371012687683105e-01 -3.482948243618011475e-01 -4.941857159137725830e-01 -1.499999962106812745e-05 2.959124147891998291e-01 -9.373850822448730469e-01 1.836985200643539429e-01 -1.591704964637756348e+00
-6.362230777740478516e-01 1.119752632803283632e-04 7.715051770210266113e-01 -6.072999909520149231e-03 -6.821995377540588379e-01 -4.671051204204559326e-01 -5.625092387199401855e-01 -2.300000051036477089e-05 3.603110313415527344e-01 -8.842017650604248047e-01 2.972594201564788818e-01 -1.730651974678039551e+00
-7.336179614067077637e-01 1.364529452985152602e-04 6.795620918273925781e-01 -7.298000156879425049e-03 -5.541324615478515625e-01 -5.789816975593566895e-01 -5.980947613716125488e-01 -2.300000051036477089e-05 3.933724164962768555e-01 -8.153405189514160156e-01 4.248269796371459961e-01 -1.875702023506164551e+00
-8.174666166305541992e-01 1.602234551683068275e-04 5.759760141372680664e-01 -8.705999702215194702e-03 -4.215933084487915039e-01 -6.815105676651000977e-01 -5.981659293174743652e-01 -2.300000051036477089e-05 3.924379050731658936e-01 -7.318083047866821289e-01 5.571796894073486328e-01 -2.026854991912841797e+00
-8.862786889076232910e-01 1.834596914704889059e-04 4.631523191928863525e-01 -1.031699962913990021e-02 -2.942488193511962891e-01 -7.724740505218505859e-01 -5.627624392509460449e-01 -2.300000051036477089e-05 3.576699197292327881e-01 -6.350464224815368652e-01 6.846812367439270020e-01 -2.184204101562500000e+00
-9.390754699707031250e-01 2.037793747149407864e-04 3.437109291553497314e-01 -1.215100008994340897e-02 -1.812587529420852661e-01 -8.499366641044616699e-01 -4.947251379489898682e-01 -2.300000051036477089e-05 2.920317053794860840e-01 -5.268849134445190430e-01 7.981915473937988281e-01 -2.347778081893920898e+00
-9.754159450531005859e-01 2.214194100815802813e-04 2.203717082738876343e-01 -1.422800030559301376e-02 -9.043498337268829346e-02 -9.123188257217407227e-01 -3.993693590164184570e-01 -2.300000051036477089e-05 2.009608447551727295e-01 -4.094805717468261719e-01 8.899103403091430664e-01 -2.517548084259033203e+00
-9.953967928886413574e-01 2.359090431127697229e-04 9.583942592144012451e-02 -1.656899973750114441e-02 -2.756171301007270813e-02 -9.584579467773437500e-01 -2.838991582393646240e-01 -2.300000051036477089e-05 9.179109334945678711e-02 -2.852337956428527832e-01 9.540524482727050781e-01 -2.693603992462158203e+00
-9.996269345283508301e-01 2.459082461427897215e-04 -2.730992436408996582e-02 -1.919800043106079102e-02 4.036807920783758163e-03 -9.876455068588256836e-01 -1.566526740789413452e-01 -2.300000051036477089e-05 -2.701104618608951569e-02 -1.567044854164123535e-01 9.872760772705078125e-01 -2.875977039337158203e+00
-9.891769886016845703e-01 2.522401337046176195e-04 -1.467267274856567383e-01 -2.213899977505207062e-02 3.640746232122182846e-03 -9.996484518051147461e-01 -2.626306936144828796e-02 -2.300000051036477089e-05 -1.466817557811737061e-01 -2.651301957666873932e-02 9.888283610343933105e-01 -3.064697027206420898e+00
-9.655098915100097656e-01 2.558601554483175278e-04 -2.603660821914672852e-01 -2.541499957442283630e-02 -2.699958346784114838e-02 -9.947066307067871094e-01 9.914448112249374390e-02 -2.300000051036477089e-05 -2.589624822139739990e-01 1.027547568082809448e-01 9.604060649871826172e-01 -3.259766101837158203e+00
-9.304004311561584473e-01 2.539993438404053450e-04 -3.665445744991302490e-01 -2.905200049281120300e-02 -8.403682708740234375e-02 -9.735109806060791016e-01 2.126361578702926636e-01 -2.300000051036477089e-05 -3.567811548709869385e-01 2.286400198936462402e-01 9.057764410972595215e-01 -3.461242914199829102e+00
-8.858439922332763672e-01 2.498080139048397541e-04 -4.639831185340881348e-01 -3.307799994945526123e-02 -1.620893776416778564e-01 -9.371612668037414551e-01 3.089590966701507568e-01 -2.300000051036477089e-05 -4.347498416900634766e-01 3.488962948322296143e-01 8.302192091941833496e-01 -3.669188976287841797e+00
-8.339691162109375000e-01 2.410170855000615120e-04 -5.518110394477844238e-01 -3.751900047063827515e-02 -2.548712193965911865e-01 -8.871098160743713379e-01 3.848073482513427734e-01 -1.499999962106812745e-05 -4.894242882728576660e-01 4.615581929683685303e-01 7.398836612701416016e-01 -3.883574962615966797e+00
-7.769495844841003418e-01 2.307540416950359941e-04 -6.295627355575561523e-01 -4.240199923515319824e-02 -3.558489084243774414e-01 -8.250930309295654297e-01 4.388542473316192627e-01 -1.499999962106812745e-05 -5.193465352058410645e-01 5.649968385696411133e-01 6.411378383636474609e-01 -4.104492187500000000e+00
-7.169316411018371582e-01 2.179472212446853518e-04 -6.971434354782104492e-01 -4.775900021195411682e-02 -4.588100314140319824e-01 -7.530530095100402832e-01 4.715978205204010010e-01 -7.999999979801941663e-06 -5.248831510543823242e-01 6.579597592353820801e-01 5.399875640869140625e-01 -4.331909179687500000e+00
-6.559661030769348145e-01 2.033495111390948296e-04 -7.547903060913085938e-01 -5.361799895763397217e-02 -5.583232045173645020e-01 -6.730603575706481934e-01 4.850410223007202148e-01 -7.999999979801941663e-06 -5.079208016395568848e-01 7.395874261856079102e-01 4.416183531284332275e-01 -4.565948009490966797e+00
-5.959675908088684082e-01 1.883257791632786393e-04 -8.030084371566772461e-01 -6.001000106334686279e-02 -6.500352025032043457e-01 -5.872331857681274414e-01 4.822980165481567383e-01 0.000000000000000000e+00 -4.714623689651489258e-01 8.094177842140197754e-01 3.500943779945373535e-01 -4.806549072265625000e+00
-5.386710762977600098e-01 1.734521065372973680e-04 -8.425161242485046387e-01 -6.696599721908569336e-02 -7.308192253112792969e-01 -4.976649284362792969e-01 4.671541154384613037e-01 7.999999979801941663e-06 -4.192096889019012451e-01 8.673693537712097168e-01 2.682044804096221924e-01 -5.053802013397216797e+00
-4.856251180171966553e-01 1.587994192959740758e-04 -8.741671442985534668e-01 -7.451800256967544556e-02 -7.987690567970275879e-01 -4.063604474067687988e-01 4.436655044555664062e-01 1.499999962106812745e-05 -3.551565110683441162e-01 9.137127995491027832e-01 1.974656879901885986e-01 -5.307738780975341797e+00
-4.381810724735260010e-01 1.450379349989816546e-04 -8.988867402076721191e-01 -8.269900083541870117e-02 -8.530915975570678711e-01 -3.151822090148925781e-01 4.158064126968383789e-01 3.099999958067201078e-05 -2.832528054714202881e-01 9.490311741828918457e-01 1.382306218147277832e-01 -5.568389892578125000e+00
-3.975037634372711182e-01 1.327662757830694318e-04 -9.176005125045776367e-01 -9.154199808835983276e-02 -8.939130902290344238e-01 -2.258051782846450806e-01 3.872097134590148926e-01 3.799999831244349480e-05 -2.071475386619567871e-01 9.741724729537963867e-01 8.987709134817123413e-02 -5.835753917694091797e+00
-3.645858168601989746e-01 1.228654291480779648e-04 -9.311697483062744141e-01 -1.010809987783432007e-01 -9.220455288887023926e-01 -1.396949440240859985e-01 3.609949350357055664e-01 5.299999975250102580e-05 -1.300353556871414185e-01 9.901945590972900391e-01 5.104408785700798035e-02 -6.109893798828125000e+00
-3.402670025825500488e-01 1.153505218098871410e-04 -9.403288364410400391e-01 -1.113089993596076965e-01 -9.387431740760803223e-01 -5.809061229228973389e-02 3.396860957145690918e-01 6.900000153109431267e-05 -5.458509549498558044e-02 9.983112812042236328e-01 1.987460255622863770e-02 -6.389770984649658203e+00
-3.252534270286560059e-01 1.105861738324165344e-04 -9.456268548965454102e-01 -1.223350018262863159e-01 -9.454730749130249023e-01 1.799738220870494843e-02 3.252026438713073730e-01 9.200000204145908356e-05 1.705477200448513031e-02 9.998380541801452637e-01 -5.749154370278120041e-03 -6.677399158477783203e+00
-3.201367259025573730e-01 1.091666345018893480e-04 -9.473713636398315430e-01 -1.341589987277984619e-01 -9.437117576599121094e-01 8.777490258216857910e-02 3.189101815223693848e-01 1.140000022132880986e-04 8.319024741649627686e-02 9.961403012275695801e-01 -2.799695171415805817e-02 -6.971923828125000000e+00
-3.210396170616149902e-01 1.094745239242911339e-04 -9.470657706260681152e-01 -1.467880010604858398e-01 -9.358455538749694824e-01 1.534376591444015503e-01 3.172538876533508301e-01 1.369999954476952553e-04 1.453502774238586426e-01 9.881582856178283691e-01 -4.915712028741836548e-02 -7.272888183593750000e+00
-3.236978054046630859e-01 1.103809627238661051e-04 -9.461604952812194824e-01 -1.602199971675872803e-01 -9.235175848007202148e-01 2.174260020256042480e-01 3.159766495227813721e-01 1.679999986663460732e-04 2.057547569274902344e-01 9.760768413543701172e-01 -7.027838379144668579e-02 -7.579987049102783203e+00
-3.280332386493682861e-01 1.118593499995768070e-04 -9.446661472320556641e-01 -1.744920015335083008e-01 -9.070079922676086426e-01 2.794960439205169678e-01 3.149896264076232910e-01 2.059999969787895679e-04 2.640656828880310059e-01 9.601468443870544434e-01 -9.158254414796829224e-02 -7.893126964569091797e+00
-3.339650034904479980e-01 1.138820807682350278e-04 -9.425854682922363281e-01 -1.896370053291320801e-01 -8.866133093833923340e-01 3.394275605678558350e-01 3.141746819019317627e-01 2.439999952912330627e-04 3.199752569198608398e-01 9.406321644783020020e-01 -1.132559627294540405e-01 -8.212341308593750000e+00
-3.414083421230316162e-01 1.164202549261972308e-04 -9.399150609970092773e-01 -2.056889981031417847e-01 -8.626412153244018555e-01 3.970356583595275879e-01 3.133891224861145020e-01 2.899999963119626045e-04 3.732162714004516602e-01 9.178031682968139648e-01 -1.354508697986602783e-01 -8.537567138671875000e+00
-3.502800166606903076e-01 1.194454962387681007e-04 -9.366450309753417969e-01 -2.226829975843429565e-01 -8.354110121726989746e-01 4.521563649177551270e-01 3.124788999557495117e-01 3.359999973326921463e-04 4.235473275184631348e-01 8.919386863708496094e-01 -1.582815498113632202e-01 -8.868865966796875000e+00
-3.604898154735565186e-01 1.225665473612025380e-04 -9.327631592750549316e-01 -2.406550049781799316e-01 -8.052491545677185059e-01 5.046598315238952637e-01 3.112751245498657227e-01 3.969999961555004120e-04 4.707663059234619141e-01 8.633182048797607422e-01 -1.818260550498962402e-01 -9.206146240234375000e+00
-3.719480931758880615e-01 1.264623570023104548e-04 -9.282535314559936523e-01 -2.596440017223358154e-01 -7.724871039390563965e-01 5.544422864913940430e-01 3.096085488796234131e-01 4.579999949783086777e-04 5.147021412849426270e-01 8.322221636772155762e-01 -2.061260640621185303e-01 -9.549438476562500000e+00
-3.845625221729278564e-01 1.307512720813974738e-04 -9.230989217758178711e-01 -2.796840071678161621e-01 -7.374619245529174805e-01 6.014229059219360352e-01 3.073114454746246338e-01 5.259999888949096203e-04 5.552129745483398438e-01 7.989307641983032227e-01 -2.311882972717285156e-01 -9.898712158203125000e+00
-3.982413411140441895e-01 1.354020641883835196e-04 -9.172806739807128906e-01 -3.008179962635040283e-01 -7.005104422569274902e-01 6.455481052398681641e-01 3.042249083518981934e-01 6.029999931342899799e-04 5.921900272369384766e-01 7.637195587158203125e-01 -2.569891214370727539e-01 -1.025393676757812500e+01
-4.128881692886352539e-01 1.403819915140047669e-04 -9.107816815376281738e-01 -3.230830132961273193e-01 -6.619701981544494629e-01 6.867865324020385742e-01 3.001993596553802490e-01 6.939999875612556934e-04 6.255547404289245605e-01 7.268590927124023438e-01 -2.834731340408325195e-01 -1.061514282226562500e+01
-4.284060299396514893e-01 1.456580648664385080e-04 -9.035863280296325684e-01 -3.465200066566467285e-01 -6.221757531166076660e-01 7.251293063163757324e-01 2.951012849807739258e-01 7.859999896027147770e-04 6.552599072456359863e-01 6.886126995086669922e-01 -3.105591535568237305e-01 -1.098226928710937500e+01
-4.446986615657806396e-01 1.511975569883361459e-04 -8.956802487373352051e-01 -3.711700141429901123e-01 -5.814549326896667480e-01 7.605887651443481445e-01 2.888164818286895752e-01 8.929999894462525845e-04 6.812880039215087891e-01 6.492339372634887695e-01 -3.381448984146118164e-01 -1.135531616210937500e+01
-4.616691768169403076e-01 1.569675368955358863e-04 -8.870521783828735352e-01 -3.970760107040405273e-01 -5.401293039321899414e-01 7.931944131851196289e-01 2.812524437904357910e-01 1.006999984383583069e-03 7.036489248275756836e-01 6.089684367179870605e-01 -3.661086261272430420e-01 -1.173428344726562500e+01
-4.792183339595794678e-01 1.629342441447079182e-04 -8.776956796646118164e-01 -4.242790043354034424e-01 -4.985117912292480469e-01 8.229932188987731934e-01 2.723382413387298584e-01 1.137000042945146561e-03 7.223820090293884277e-01 5.680510997772216797e-01 -3.943122327327728271e-01 -1.211911010742187500e+01
-4.972487390041351318e-01 1.690645876806229353e-04 -8.676080107688903809e-01 -4.528259932994842529e-01 -4.569011926651000977e-01 8.500487208366394043e-01 2.620276212692260742e-01 1.281999982893466949e-03 7.375533580780029297e-01 5.267040133476257324e-01 -4.226084053516387939e-01 -1.250982666015625000e+01
-5.156626701354980469e-01 1.748096547089517117e-04 -8.567916750907897949e-01 -4.827600121498107910e-01 -4.155819714069366455e-01 8.744384646415710449e-01 2.502976953983306885e-01 1.433999976143240929e-03 7.492553591728210449e-01 4.851363301277160645e-01 -4.508426785469055176e-01 -1.290640258789062500e+01
-5.343638658523559570e-01 1.811493712011724710e-04 -8.452545404434204102e-01 -5.141270160675048828e-01 -3.748213648796081543e-01 8.962522745132446289e-01 2.371514737606048584e-01 1.610000035725533962e-03 7.576042413711547852e-01 4.435446262359619141e-01 -4.788569509983062744e-01 -1.330877685546875000e+01
-5.532583594322204590e-01 1.875546004157513380e-04 -8.330096602439880371e-01 -5.469740033149719238e-01 -3.348700106143951416e-01 9.155895113945007324e-01 2.226160913705825806e-01 1.793000032193958759e-03 7.627366185188293457e-01 4.021141529083251953e-01 -5.064947605133056641e-01 -1.371700954437255859e+01
-5.722525715827941895e-01 1.939936337294057012e-04 -8.200774192810058594e-01 -5.813490152359008789e-01 -2.959569990634918213e-01 9.325598478317260742e-01 2.067403346300125122e-01 1.999000087380409241e-03 7.648113965988159180e-01 3.610153496265411377e-01 -5.336024165153503418e-01 -1.413101196289062500e+01
-5.912564992904663086e-01 2.004359703278169036e-04 -8.064835071563720703e-01 -6.172999739646911621e-01 -2.582896351814270020e-01 9.472804069519042969e-01 1.895950734615325928e-01 2.219999907538294792e-03 7.640039920806884766e-01 3.204056620597839355e-01 -5.600339770317077637e-01 -1.455081176757812500e+01
-6.101817488670349121e-01 2.068516332656145096e-04 -7.922614216804504395e-01 -6.548789739608764648e-01 -2.220525741577148438e-01 9.598745107650756836e-01 1.712704747915267944e-01 2.457000082358717918e-03 7.605069279670715332e-01 2.804297804832458496e-01 -5.856519937515258789e-01 -1.497637939453125000e+01
-6.289459466934204102e-01 2.132126974174752831e-04 -7.774490118026733398e-01 -6.941329836845397949e-01 -1.874046474695205688e-01 9.704709053039550781e-01 1.518740355968475342e-01 2.724000019952654839e-03 7.545239925384521484e-01 2.412181198596954346e-01 -6.103338003158569336e-01 -1.540768432617187500e+01
-6.474684476852416992e-01 2.194918197346851230e-04 -7.620922327041625977e-01 -7.351160049438476562e-01 -1.544813811779022217e-01 9.792015552520751953e-01 1.315283924341201782e-01 3.006000071763992310e-03 7.462707757949829102e-01 2.028895467519760132e-01 -6.339682340621948242e-01 -1.584469604492187500e+01
-6.656740903854370117e-01 2.249978715553879738e-04 -7.462425231933593750e-01 -7.778819799423217773e-01 -1.233928799629211426e-01 9.862013459205627441e-01 1.103680655360221863e-01 3.311000065878033638e-03 7.359701991081237793e-01 1.655501723289489746e-01 -6.564609408378601074e-01 -1.628741455078125000e+01
-6.834914088249206543e-01 2.310201234649866819e-04 -7.299584746360778809e-01 -8.224809765815734863e-01 -9.422227740287780762e-02 9.916063547134399414e-01 8.853819221258163452e-02 3.647000063210725784e-03 7.238519191741943359e-01 1.292934417724609375e-01 -6.777327060699462891e-01 -1.673583984375000000e+01
-7.008553743362426758e-01 2.368891437072306871e-04 -7.133033275604248047e-01 -8.689699769020080566e-01 -6.703091412782669067e-02 9.955528378486633301e-01 6.619178503751754761e-02 4.004999995231628418e-03 7.101468443870544434e-01 9.420424699783325195e-02 -6.977226734161376953e-01 -1.718991088867187500e+01
-7.177063822746276855e-01 2.425847924314439297e-04 -6.963458061218261719e-01 -9.174060225486755371e-01 -4.185298830270767212e-02 9.981770515441894531e-01 4.348457604646682739e-02 4.395000170916318893e-03 6.950869560241699219e-01 6.035331264138221741e-02 -7.163879275321960449e-01 -1.764959716796875000e+01
-7.339896559715270996e-01 2.480885304976254702e-04 -6.791605353355407715e-01 -9.677399992942810059e-01 -1.870151422917842865e-02 9.996133446693420410e-01 2.057644724845886230e-02 4.813999868929386139e-03 6.789030432701110840e-01 2.780423127114772797e-02 -7.337012290954589844e-01 -1.811398315429687500e+01
-7.496564984321594238e-01 2.533839142415672541e-04 -6.618270277976989746e-01 -1.020226001739501953e+00 2.433270681649446487e-03 9.999942183494567871e-01 -2.373331226408481598e-03 5.264000035822391510e-03 6.618225574493408203e-01 -3.389587625861167908e-03 -7.496528029441833496e-01 -1.858480834960937500e+01
-7.646660208702087402e-01 2.584571484476327896e-04 -6.444267630577087402e-01 -1.074828982353210449e+00 2.158171869814395905e-02 9.994492530822753906e-01 -2.520766295492649078e-02 5.752999801188707352e-03 6.440652608871459961e-01 -3.318327665328979492e-02 -7.642504572868347168e-01 -1.906121826171875000e+01
-7.789802551269531250e-01 2.625163760967552662e-04 -6.270483732223510742e-01 -1.131611943244934082e+00 3.879271820187568665e-02 9.981045722961425781e-01 -4.777421802282333374e-02 6.279000081121921539e-03 6.258472800254821777e-01 -6.154008954763412476e-02 -7.775139212608337402e-01 -1.954316711425781250e+01
-7.925697565078735352e-01 2.670960384421050549e-04 -6.097811460494995117e-01 -1.190634012222290039e+00 5.413399264216423035e-02 9.960823655128479004e-01 -6.992495059967041016e-02 6.843999959528446198e-03 6.073735356330871582e-01 -8.843029290437698364e-02 -7.894791960716247559e-01 -2.003062438964843750e+01
-8.054111599922180176e-01 2.714235743042081594e-04 -5.927164554595947266e-01 -1.251958012580871582e+00 6.768606603145599365e-02 9.935001730918884277e-01 -9.152008593082427979e-02 7.445999886840581894e-03 5.888390541076660156e-01 -1.138299480080604553e-01 -8.001945018768310547e-01 -2.052359008789062500e+01
-8.174840211868286133e-01 2.754921442829072475e-04 -5.759512186050415039e-01 -1.315647006034851074e+00 7.954408973455429077e-02 9.904708862304687500e-01 -1.124281957745552063e-01 8.094999939203262329e-03 5.704318881034851074e-01 -1.377217620611190796e-01 -8.097160458564758301e-01 -2.102201843261718750e+01
-8.287760615348815918e-01 2.792975574266165495e-04 -5.595803260803222656e-01 -1.381765007972717285e+00 8.981194347143173218e-02 9.871023297309875488e-01 -1.325248479843139648e-01 8.789000101387500763e-03 5.523260235786437988e-01 -1.600904166698455811e-01 -8.181118965148925781e-01 -2.152589416503906250e+01
-8.392785191535949707e-01 2.828368742484599352e-04 -5.437016487121582031e-01 -1.450379014015197754e+00 9.860427677631378174e-02 9.834963083267211914e-01 -1.516976952552795410e-01 9.537000209093093872e-03 5.346856117248535156e-01 -1.809279322624206543e-01 -8.254552483558654785e-01 -2.203518676757812500e+01
-8.489868044853210449e-01 2.861085813492536545e-04 -5.284139513969421387e-01 -1.521554946899414062e+00 1.060414090752601624e-01 9.797492027282714844e-01 -1.698430776596069336e-01 1.032999996095895767e-02 5.176645517349243164e-01 -2.002282887697219849e-01 -8.318245410919189453e-01 -2.254986572265625000e+01
-8.579012155532836914e-01 2.891127369366586208e-04 -5.138145089149475098e-01 -1.595360040664672852e+00 1.122477725148200989e-01 9.759512543678283691e-01 -1.868677139282226562e-01 1.118499971926212311e-02 5.014038681983947754e-01 -2.179885804653167725e-01 -8.373022675514221191e-01 -2.306990051269531250e+01
-8.660235404968261719e-01 2.909839386120438576e-04 -5.000030994415283203e-01 -1.671864986419677734e+00 1.173487752676010132e-01 9.721869230270385742e-01 -2.026865631341934204e-01 1.209300011396408081e-02 4.860374927520751953e-01 -2.342060953378677368e-01 -8.419709205627441406e-01 -2.359527587890625000e+01
-8.733600974082946777e-01 2.934490039478987455e-04 -4.870749413967132568e-01 -1.751139998435974121e+00 1.214721426367759705e-01 9.685338735580444336e-01 -2.172247022390365601e-01 1.306900009512901306e-02 4.716848433017730713e-01 -2.488814443349838257e-01 -8.459144830703735352e-01 -2.412596130371093750e+01
-8.799166679382324219e-01 2.956520183943212032e-04 -4.751279354095458984e-01 -1.833251953125000000e+00 1.247430443763732910e-01 9.650630354881286621e-01 -2.304182797670364380e-01 1.410700008273124695e-02 4.584602713584899902e-01 -2.620177865028381348e-01 -8.492119312286376953e-01 -2.466191101074218750e+01
-8.857005834579467773e-01 2.975954266730695963e-04 -4.642567932605743408e-01 -1.918280959129333496e+00 1.272802799940109253e-01 9.618397355079650879e-01 -2.422064393758773804e-01 1.521299965679645538e-02 4.464685618877410889e-01 -2.736131250858306885e-01 -8.519399166107177734e-01 -2.520310974121093750e+01
-8.907182216644287109e-01 2.992813533637672663e-04 -4.545557200908660889e-01 -2.006294012069702148e+00 1.291999667882919312e-01 9.589215517044067383e-01 -2.525406181812286377e-01 1.638800092041492462e-02 4.358077049255371094e-01 -2.836711108684539795e-01 -8.541675806045532227e-01 -2.574951171875000000e+01
-8.949761986732482910e-01 3.007120103575289249e-04 -4.461138248443603516e-01 -2.097368955612182617e+00 1.306077241897583008e-01 9.563600420951843262e-01 -2.613754868507385254e-01 1.764700002968311310e-02 4.265668094158172607e-01 -2.921907305717468262e-01 -8.559587597846984863e-01 -2.630110168457031250e+01
-8.984764814376831055e-01 3.018881252501159906e-04 -4.390215277671813965e-01 -2.191584110260009766e+00 1.316015571355819702e-01 9.541993141174316406e-01 -2.686721086502075195e-01 1.898200064897537231e-02 4.188329279422760010e-01 -2.991714775562286377e-01 -8.573653697967529297e-01 -2.685783386230468750e+01
-9.012179374694824219e-01 3.028092323802411556e-04 -4.333660006523132324e-01 -2.289011955261230469e+00 1.322680413722991943e-01 9.524767398834228516e-01 -2.743960618972778320e-01 2.040099911391735077e-02 4.126879274845123291e-01 -3.046111166477203369e-01 -8.584291934967041016e-01 -2.741967773437500000e+01
-9.031958580017089844e-01 3.034738183487206697e-04 -4.292284846305847168e-01 -2.389734983444213867e+00 1.326802521944046021e-01 9.512223601341247559e-01 -2.785173654556274414e-01 2.191199921071529388e-02 4.082071781158447266e-01 -3.085058629512786865e-01 -8.591803908348083496e-01 -2.798660278320312500e+01
-9.043976068496704102e-01 3.038776048924773932e-04 -4.266905486583709717e-01 -2.493829965591430664e+00 1.328974217176437378e-01 9.504593610763549805e-01 -2.810075879096984863e-01 2.351400069892406464e-02 4.054666161537170410e-01 -3.108486831188201904e-01 -8.596335649490356445e-01 -2.855856323242187500e+01
-9.048038125038146973e-01 3.040141018573194742e-04 -4.258285164833068848e-01 -2.601380109786987305e+00 1.329631358385086060e-01 9.502028226852416992e-01 -2.818427383899688721e-01 2.522299997508525848e-02 4.045377671718597412e-01 -3.116318881511688232e-01 -8.597875833511352539e-01 -2.913552856445312500e+01
-9.015254378318786621e-01 3.083217306993901730e-04 -4.327260255813598633e-01 -2.712431907653808594e+00 1.282223165035247803e-01 9.552810192108154297e-01 -2.664529979228973389e-01 2.703100070357322693e-02 4.132927954196929932e-01 -2.956992685794830322e-01 -8.612496852874755859e-01 -2.971688842773437500e+01
-8.915635347366333008e-01 3.200713254045695066e-04 -4.528955221176147461e-01 -2.827030897140502930e+00 1.126757413148880005e-01 9.687140583992004395e-01 -2.211271971464157104e-01 2.894599922001361847e-02 4.386554956436157227e-01 -2.481792867183685303e-01 -8.637062311172485352e-01 -3.030203247070312500e+01
-8.743272423744201660e-01 3.374903462827205658e-04 -4.853367507457733154e-01 -2.945266008377075195e+00 8.235959708690643311e-02 9.855994582176208496e-01 -1.476842761039733887e-01 3.097499907016754150e-02 4.782977998256683350e-01 -1.690965294837951660e-01 -8.617642521858215332e-01 -3.089102172851562500e+01
-8.487868905067443848e-01 3.598856856115162373e-04 -5.287349224090576172e-01 -3.067225933074951172e+00 3.132126480340957642e-02 9.982778429985046387e-01 -4.960106685757637024e-02 3.312699869275093079e-02 5.278065204620361328e-01 -5.866138264536857605e-02 -8.473364710807800293e-01 -3.148385620117187500e+01
-8.136044144630432129e-01 3.840213175863027573e-04 -5.814186930656433105e-01 -3.192995071411132812e+00 -4.712961241602897644e-02 9.966654777526855469e-01 6.660880893468856812e-02 3.540800139307975769e-02 5.795055031776428223e-01 8.159525692462921143e-02 -8.108733892440795898e-01 -3.208055114746093750e+01
-7.672734260559082031e-01 4.058877239003777504e-04 -6.413199901580810547e-01 -3.322664022445678711e+00 -1.584013551473617554e-01 9.688972234725952148e-01 1.901241391897201538e-01 3.781900182366371155e-02 6.214503645896911621e-01 2.474631518125534058e-01 -7.433448433876037598e-01 -3.268113708496093750e+01
-7.082856893539428711e-01 4.207217134535312653e-04 -7.059258222579956055e-01 -3.456324100494384766e+00 -3.037724494934082031e-01 9.024956822395324707e-01 3.053258061408996582e-01 4.036699980497360229e-02 6.372234821319580078e-01 4.306986629962921143e-01 -6.390969753265380859e-01 -3.328561401367187500e+01
-6.353116035461425781e-01 4.243882431183010340e-04 -7.722557783126831055e-01 -3.594058990478515625e+00 -4.770022034645080566e-01 7.862187027931213379e-01 3.928474485874176025e-01 4.306799918413162231e-02 6.073286533355712891e-01 6.179482340812683105e-01 -4.992914497852325439e-01 -3.389399719238281250e+01
-5.473793745040893555e-01 4.105346451979130507e-04 -8.368844985961914062e-01 -3.735965013504028320e+00 -6.613497138023376465e-01 6.125696301460266113e-01 4.328682124614715576e-01 4.592100158333778381e-02 5.128277540206909180e-01 7.904164791107177734e-01 -3.350365161895751953e-01 -3.450631713867187500e+01
-4.440735876560211182e-01 3.730218741111457348e-04 -8.959902524948120117e-01 -3.881921052932739258e+00 -8.284366130828857422e-01 3.807577192783355713e-01 4.107509553432464600e-01 4.892700165510177612e-02 3.413084447383880615e-01 9.246747493743896484e-01 -1.687754243612289429e-01 -3.512167358398437500e+01
-3.257113993167877197e-01 3.048659709747880697e-04 -9.454692006111145020e-01 -4.032423019409179688e+00 -9.407589435577392578e-01 9.959083050489425659e-02 3.241208493709564209e-01 5.210899934172630310e-02 9.425888210535049438e-02 9.950284361839294434e-01 -3.215106576681137085e-02 -3.574180603027343750e+01
-1.934905797243118286e-01 2.010367752518504858e-04 -9.811021089553833008e-01 -4.187372207641601562e+00 -9.591223597526550293e-01 -2.105246037244796753e-01 1.891126483678817749e-01 5.547299981117248535e-02 -2.065081447362899780e-01 9.775884747505187988e-01 4.092735052108764648e-02 -3.636590576171875000e+01
-4.960355535149574280e-02 5.694490755558945239e-05 -9.987689852714538574e-01 -4.346868038177490234e+00 -8.546791076660156250e-01 -5.174210071563720703e-01 4.241787269711494446e-02 5.901300162076950073e-02 -5.167816281318664551e-01 8.557310104370117188e-01 2.571459300816059113e-02 -3.699395751953125000e+01
1.027184650301933289e-01 -1.297334820264950395e-04 -9.947104454040527344e-01 -4.511002063751220703e+00 -6.228034496307373047e-01 -7.797389030456542969e-01 -6.421190500259399414e-02 6.275899708271026611e-02 -7.756060957908630371e-01 6.261048913002014160e-01 -8.017437905073165894e-02 -3.762599182128906250e+01
2.592397332191467285e-01 -3.585287777241319418e-04 -9.658129215240478516e-01 -4.679872989654541016e+00 -2.934228181838989258e-01 -9.527620673179626465e-01 -7.840572297573089600e-02 6.670399755239486694e-02 -9.201617836952209473e-01 3.037174344062805176e-01 -2.470989823341369629e-01 -3.826197814941406250e+01
4.148367941379547119e-01 -6.251595332287251949e-04 -9.098955988883972168e-01 -4.853587150573730469e+00 6.860590726137161255e-02 -9.971317052841186523e-01 3.196369484066963196e-02 7.086899876594543457e-02 -9.073057174682617188e-01 -7.568393647670745850e-02 -4.136040210723876953e-01 -3.890196228027343750e+01
5.637031197547912598e-01 -9.222190710715949535e-04 -8.259770274162292480e-01 -5.032238006591796875e+00 3.775345981121063232e-01 -8.891393542289733887e-01 2.586480975151062012e-01 7.524900138378143311e-02 -7.346472740173339844e-01 -4.576356112957000732e-01 -5.008624196052551270e-01 -3.954591369628906250e+01
6.996551156044006348e-01 -1.236991491168737411e-03 -7.144796848297119141e-01 -5.215931892395019531e+00 5.542035698890686035e-01 -6.301942467689514160e-01 5.437955856323242188e-01 7.987199723720550537e-02 -4.509336650371551514e-01 -7.764365673065185547e-01 -4.402330517768859863e-01 -4.019384765625000000e+01
8.164885044097900391e-01 -1.553779467940330505e-03 -5.773596763610839844e-01 -5.404776096343994141e+00 5.583382248878479004e-01 -2.524573802947998047e-01 7.902681231498718262e-01 8.473999798297882080e-02 -1.469866186380386353e-01 -9.676067829132080078e-01 -2.052609920501708984e-01 -4.084576416015625000e+01
9.083838462829589844e-01 -1.854922389611601830e-03 -4.181331098079681396e-01 -5.598871231079101562e+00 4.114496707916259766e-01 1.820974200963973999e-01 8.930563926696777344e-01 8.985900133848190308e-02 7.448441535234451294e-02 -9.832788109779357910e-01 1.661775708198547363e-01 -4.150163269042968750e+01
9.703307747840881348e-01 -2.117265248671174049e-03 -2.417718619108200073e-01 -5.798326969146728516e+00 1.962797045707702637e-01 5.908008813858032227e-01 7.825781106948852539e-01 9.525299817323684692e-02 1.411820948123931885e-01 -8.068146109580993652e-01 5.736878514289855957e-01 -4.216148376464843750e+01
9.985117912292480469e-01 -2.321544103324413300e-03 -5.448723584413528442e-02 -6.003254890441894531e+00 2.723550423979759216e-02 8.868143558502197266e-01 4.613225758075714111e-01 1.009220033884048462e-01 4.724908247590065002e-02 -4.621199965476989746e-01 8.855577707290649414e-01 -4.282530212402343750e+01
9.906246662139892578e-01 -2.445857273414731026e-03 1.365895718336105347e-01 -6.213760852813720703e+00 5.390837322920560837e-04 9.999019503593444824e-01 1.399512216448783875e-02 1.068880036473274231e-01 -1.366104036569595337e-01 -1.379028055816888809e-02 9.905288815498352051e-01 -4.349305725097656250e+01
9.461075067520141602e-01 -2.473130589351058006e-03 3.238432705402374268e-01 -6.429958820343017578e+00 1.458269208669662476e-01 8.961107730865478516e-01 -4.191896617412567139e-01 1.131590008735656738e-01 -2.891627252101898193e-01 4.438235461711883545e-01 8.481777906417846680e-01 -4.416476440429687500e+01
8.662310838699340820e-01 -2.389937639236450195e-03 4.996378719806671143e-01 -6.651967048645019531e+00 4.045301079750061035e-01 5.902783870697021484e-01 -6.985175609588623047e-01 1.197590008378028870e-01 -2.932560443878173828e-01 8.071961402893066406e-01 5.122843384742736816e-01 -4.484039306640625000e+01
7.540594339370727539e-01 -2.189794788137078285e-03 6.568025350570678711e-01 -6.879892826080322266e+00 6.499427556991577148e-01 1.466745883226394653e-01 -7.456949353218078613e-01 1.266860067844390869e-01 -9.470332413911819458e-02 9.891823530197143555e-01 1.120246052742004395e-01 -4.551992797851562500e+01
6.142634153366088867e-01 -1.872894936241209507e-03 7.890988588333129883e-01 -7.113855838775634766e+00 7.434185147285461426e-01 -3.339349031448364258e-01 -5.794967412948608398e-01 1.339650005102157593e-01 2.645929753780364990e-01 9.425942301750183105e-01 -2.037316560745239258e-01 -4.620335388183593750e+01
4.528141617774963379e-01 -1.445840694941580296e-03 8.916037082672119141e-01 -7.353978157043457031e+00 6.009411811828613281e-01 -7.382358908653259277e-01 -3.063940703868865967e-01 1.416089981794357300e-01 6.586568355560302734e-01 6.745410561561584473e-01 -3.334148228168487549e-01 -4.689067077636718750e+01
2.765909135341644287e-01 -9.224340319633483887e-04 9.609873294830322266e-01 -7.600371837615966797e+00 2.368296235799789429e-01 -9.690911769866943359e-01 -6.909439712762832642e-02 1.496350020170211792e-01 9.313480257987976074e-01 2.467011362314224243e-01 -2.678233385086059570e-01 -4.758181762695312500e+01
9.291394054889678955e-02 -3.229701542295515537e-04 9.956740736961364746e-01 -7.853159904479980469e+00 -2.383524477481842041e-01 -9.709311723709106445e-01 2.192753925919532776e-02 1.580580025911331177e-01 9.667238593101501465e-01 -2.393587380647659302e-01 -9.029001742601394653e-02 -4.827680969238281250e+01
